  0.20   0.82   M  1
  0.59   0.12   M  2
  0.91   0.43   F  3
  1.00   0.50   F  4
  1.00   0.50   V  5
  1.00   0.50   S  6
  0.19   0.75   L  7
  0.50   0.93   L  8
  0.75   0.49   L  9
  0.45   0.15   V  10
  0.29   0.92   G  11
  0.68   0.09   I  12
  0.47   0.98   M  13
  0.41   0.40   C  14
  0.58   0.49   P  15
  0.86   0.38   A  16
  0.73   0.45   I  17
  0.49   0.96   Q  18
  0.48   0.17   A  19
  0.54   0.97   K  20
  0.85   0.22   Q  21
  0.70   0.88   F  22
  0.81   0.17   T  23
  0.40   0.07   K  24
  0.12   0.70   C  25
  0.43   0.94   E  26
  0.25   0.85   L  27
  0.54   0.08   S  28
  0.62   0.30   Q  29
  0.99   0.55   V  30
  0.20   0.81   L  31
  0.22   0.83   K  32
  0.97   0.42   D  33
  0.56   0.91   M  34
  0.49   0.99   D  35
  0.25   0.88   G  36
  0.26   0.87   F  37
  0.94   0.67   G  38
  0.31   0.93   G  39
  0.52   0.80   I  40
  0.70   0.50   A  41
  0.15   0.76   L  42
  0.67   0.23   S  43
  0.63   0.04   E  44
  0.28   0.74   W  45
  0.78   0.41   I  46
  0.05   0.63   C  47
  0.57   0.09   T  48
  0.82   0.44   I  49
  0.72   0.11   F  50
  0.57   0.13   H  51
  0.62   0.14   T  52
  0.09   0.67   S  53
  0.80   0.48   G  54
  0.34   0.95   Y  55
  0.43   0.18   D  56
  0.12   0.71   T  57
  0.86   0.58   Q  58
  0.41   0.72   T  59
  0.64   0.46   I  60
  0.60   0.07   V  61
  0.78   0.31   N  62
  0.16   0.78   N  63
  0.91   0.29   N  64
  0.59   0.96   G  65
  0.17   0.84   S  66
  0.21   0.86   T  67
  0.46   0.04   E  68
  0.05   0.63   Y  69
  0.05   0.63   G  70
  0.30   0.10   L  71
  0.09   0.67   F  72
  0.05   0.63   Q  73
  0.09   0.67   I  74
  0.27   0.33   N  75
  0.39   0.01   N  76
  0.64   0.38   K  77
  0.89   0.46   F  78
  0.09   0.68   W  79
  0.05   0.63   C  80
  0.74   0.25   R  81
  0.37   0.57   D  82
  0.71   0.33   N  83
  0.51   0.14   Q  84
  0.67   0.36   I  85
  0.23   0.79   L  86
  1.00   0.54   Q  87
  0.36   0.12   S  88
  0.83   0.39   R  89
  0.18   0.83   N  90
  0.80   0.19   I  91
  0.05   0.63   C  92
  0.79   0.54   D  93
  0.44   0.91   I  94
  0.66   0.99   S  95
  0.07   0.67   C  96
  0.96   0.51   D  97
  0.93   0.30   K  98
  0.32   0.24   F  99
  0.24   0.78   L  100
  0.87   0.22   D  101
  0.22   0.80   D  102
  0.38   0.90   D  103
  0.30   0.52   L  104
  0.72   1.00   T  105
  0.75   0.34   D  106
  0.42   0.03   D  107
  0.55   0.51   M  108
  0.99   0.56   I  109
  0.11   0.70   C  110
  0.17   0.77   A  111
  0.14   0.75   K  112
  0.61   0.28   K  113
  0.38   0.36   I  114
  0.36   0.06   L  115
  0.92   0.28   D  116
  0.95   0.43   K  117
  0.77   0.20   E  118
  0.13   0.72   G  119
  0.28   0.89   I  120
  0.96   0.35   D  121
  0.46   0.05   Y  122
  0.11   0.70   W  123
  0.69   0.16   L  124
  0.14   0.73   A  125
  0.35   0.02   H  126
  0.53   0.47   K  127
  0.90   0.41   P  128
  0.84   0.20   L  129
  0.07   0.67   C  130
  0.83   0.37   S  131
  0.93   0.26   E  132
  0.51   0.25   K  133
  0.33   0.53   L  134
  0.88   0.32   E  135
  0.65   0.86   Q  136
  0.33   0.01   W  137
  0.98   0.57   H  138
  0.05   0.63   C  139
  0.88   0.27   E  140
  0.76   0.21   K  141
  1.00   0.50   L  142
